 355374 0.110250352   
 355381 2.186833479   
 355418 0.236072929   
 355419 0.486443795   
 355429 0.343637975   
 355435 0.237372010   
 355442 0.136513920   
 355443 1.972762004   
 355444 1.257574838   
 355445 1.547534716   
 355454 0.523925571   
 355455 0.251358076   
 355456 3.122464147   
 355559 6.919812767   
 355679 1.110083331   
 355680 48.049077898  
 355768 1.208688763   
 355769 15.922186010  
 355862 0.628964264   
 355863 0.740779018   
 355870 1.570633279   
 355871 0.149211653   
 355872 21.185632631  
 355892 1.982856059   
 355912 9.040996148   
 355913 5.865777484  
 355921 22.912641576  
 355933 0.697189780   
 355942 1.340191596   
 355988 2.794240112   
 355989 1.275221752   
 355998 2.662985033   
 355999 0.649527644   
 356004 1.363756436   
 356005 12.212814889  
 356043 5.618650386   
 356071 15.387411446  
 356074 3.022505478   
 356075 14.001067796  
 356076 17.251373348  
 356077 50.059689597  
 356135 2.638677908   
 356309 11.000833484  
 356316 9.322023669   
 356322 2.076676329   
 356323 67.404317498  
 356371 1.561494312   
 356375 6.579723968   
 356378 41.888199562  
 356381 132.043190145 
 356383 2.878689605   
 356385 2.477236070   
 356386 8.730541325   
 356426 2.583905038   
 356428 46.118191186  
 356433 48.117914327  
 356434 1.726809433   
 356435 0.441166846   
 356446 93.389807351  
 356523 161.985814629 
 356531 9.020961642   
 356563 52.199858485  
 356568 3.217125461   
 356569 45.598784223  
 356570 19.221666245  
 356576 26.129439359  
 356578 155.378331220 
 356580 7.771855642   
 356582 14.325873852  
 356614 7.929281837   
 356615 232.224530208 
 356619 24.082783978  
 356810 25.577379645  
 356811 12.957704978  
 356812 30.191806458  
 356813 14.619780056  
 356814 156.758751265 
 356815 19.186939574  
 356824 9.501163070   
 356908 7.176433308   
 356919 21.283383143  
 356937 28.446490147  
 356946 34.693243713  
 356947 91.041046671  
 356948 20.025446742  
 356949 21.460956304  
 356951 58.918005503  
 356954 68.122151651  
 356955 63.411598495  
 356956 14.977420264  
 356968 47.412234345  
 356969 66.613963797  
 356970 95.313161173  
 356998 1.574808948   
 356999 16.868412865  
 357000 10.967963258  
 357001 51.113300704  
 357079 7.455815086   
 357080 192.385384391 
 357081 177.045367791 
 357101 17.241684049  
 357102 34.867615346  
 357104 1.256821874   
 357106 17.093789648  
 357112 134.621888397 
 357268 21.005216924  
 357271 416.046520807 
 357328 16.349260733  
 357329 216.868056767 
 357330 42.346488067  
 357331 5.546199301   
 357332 97.576600370  
 357333 42.846438852  
 357401 166.781015816 
 357406 33.214949179  
 357438 61.637213078  
 357440 113.369668863 
 357441 24.642891802  
 357442 308.115009043 
 357447 2.394165735   
 357472 7.149332398   
 357478 1.599429571   
 357479 326.429058746 
 357482 49.599818230  
 357538 5.393530118   
 357542 82.906826547  
 357550 11.697341834  
 357610 44.968702076  
 357611 92.264223105  
 357612 154.538328729 
 357613 45.252046184  
 357688 128.611366250 
 357696 122.404063879 
 357697 12.576104446  
 357698 18.452369673  
 357699 9.136218297   
 357700 207.120007809 
 357701 68.511703846  
 357705 38.171403529  
 357706 26.607882849  
 357720 17.664285209  
 357732 40.684038763  
 357734 108.167548351 
 357735 316.098394763 
 357754 33.114715571  
 357756 147.355825230 
 357757 2.101194901   
 357758 25.048595015  
 357759 20.326282123  
 357766 36.554295039  
 357777 23.032431532  
 357778 86.318919984  
 357779 16.653365229  
 357781 2.062740498   
 357802 52.716326970  
 357803 52.409923119  
 357804 7.654949966   
 357805 29.430542229  
 357806 15.511616618  
 357807 77.467218157  
 357808 4.286673222   
 357809 11.963623581  
 357812 14.452817613  
 357813 78.746178173  
 357814 50.575154560  
 357815 192.540635181 
 357898 104.692468083 
 357899 185.158102095 
 357900 117.084617912 
 359569 1.321542955   
 359571 2.363009950   
 359575 1.273014018   
 359595 6.287692416   
 359597 2.145613726   
 359602 5.481317116   
 359661 9.150400013   
 359685 21.020190799  
 359686 114.636517518 
 359691 36.867872833  
 359693 163.346660186 
 359694 216.434568173 
 359699 410.813543390 
 359718 121.614310897 
 359750 48.396276386  
 359751 306.099105789 
 359762 80.302804181  
 359764 255.657279678 
 359776 0.211113258   
 359806 144.151401971 
 359808 16.579987024  
 359809 15.319413011  
 359810 62.265571239  
 359812 70.646341480  
 359814 101.003428770 
 359870 2.235234158   
 359871 98.844855179  
 359887 0.313605871   
 359899 7.780168936   
 359903 0.303299991   
 359998 579.573819692 
 360017 11.570646590  
 360019 468.373832855 
 360075 297.694108772 
 360090 199.827499498 
 360116 138.739053792 
 360125 68.261663820  
 360126 119.933476652 
 360127 57.975203453  
 360128 44.124970470  
 360130 0.864054632   
 360131 87.592909050  
 360141 291.730157319 
 360224 78.274243968  
 360225 139.049066407 
 360295 521.537872647 
 360296 132.593867855 
 360327 133.161277999 
 360390 26.378873490  
 360391 1.534984571   
 360392 24.206173392  
 360393 49.501311662  
 360400 23.924162541  
 360413 35.910482182  
 360428 27.726264212  
 360432 11.254586078  
 360435 18.859347536  
 360437 16.386461543  
 360438 2.374594174   
 360458 64.923489765  
 360459 459.339900063 
 360460 233.427401045 
 360486 108.900954595 
 360490 367.727673164 
 360491 39.868469759  
 360737 0.854811060   
 360761 9.134890454   
 360794 268.249773005 
 360795 143.459065466 
 360797 1.338751069   
 360820 347.540206404 
 360825 113.768713486 
 360826 33.691919027  
 360856 3.067518444   
 360874 3.038350487   
 360876 21.126338571  
 360887 42.984871828  
 360888 122.044530432 
 360889 8.619997395   
 360890 189.411025014 
 360892 92.807370381  
 360895 175.964163393 
 360919 322.810484489 
 360920 1.370268300   
 360921 79.097914418  
 360927 657.233532593 
 360941 24.905081681  
 360942 141.359076167 
 360945 37.264437008  
 360946 141.316848579 
 360948 41.216541736  
 360951 44.370750004  
 360991 26.765162781  
 360992 10.779874923  
 361020 25.651549077  
 361044 45.967892701  
 361045 376.282326004 
 361050 3.147181176   
 361052 20.678841645  
 361054 130.929418752 
 361083 7.103165591   
 361091 49.579738042  
 361105 140.794263490 
 361106 10.551662655  
 361107 54.964124627  
 361108 2.069986684   
 361110 65.136600654  
 361188 54.389145190  
 361193 11.017244941  
 361195 7.908045161   
 361197 679.550216963 
 361223 271.680775217 
 361239 422.079321068 
 361240 289.666909264 
 361272 49.841193317  
 361280 109.701519762 
 361283 10.602294412  
 361284 14.698118921  
 361297 377.109447701 
 361303 764.317938395 
 361318 187.064407393 
 361319 68.266242482  
 361320 147.630393705 
 361333 119.718738161 
 361361 14.932099926  
 361362 6.323360709   
 361363 7.940286278   
 361365 191.872702943 
 361366 73.534733259  
 361400 182.555720460 
 361417 608.663852157 
 361443 770.245321225 
 361468 695.798852496 
 361475 480.092410957 
 361512 574.550916405 
 361569 225.755774195 
 361573 121.250909685 
 361579 341.326306169 
 361580 139.656392021 
 361957 323.048149192 
 361971 800.265969619 
 361989 41.138151913  
 361990 83.851011056  
 361994 47.229101730  
 362058 61.518016901  
 362059 25.224489645  
 362060 34.920212980  
 362061 127.250596875 
 362062 83.123400888  
 362063 32.610195162  
 362064 276.032900675 
 362087 60.159796576  
 362091 493.292072146 
 362104 40.846247795  
