 355862 0.633498440  
 355863 0.746212998  
 355870 1.582416192  
 355871 0.150368338  
 355872 70.488309772 
 355892 10.924100556 
 355912 9.105790393  
 355913 5.910435855  
 355921 23.070979746 
 355933 0.718043598  
 355942 1.382171711  
 355988 2.814870136  
 355989 1.283056431  
 355998 2.680706561  
 355999 0.653935831  
 356004 1.374191178  
 356005 12.309615596 
 356043 5.652924352  
 356071 15.477845561 
 356074 3.039891239  
 356075 14.082542645 
 356076 17.350315005 
 356077 50.371355549 
 356135 2.655548781  
 356309 11.076140037 
 356316 9.398702613  
 356322 2.089155739  
 356323 72.932835123 
 356371 1.571297534  
 356375 6.616938904   
 356378 42.078694956 
 356381 132.921840976
 356383 2.902014963  
 356385 2.497278484  
 356386 8.806190699  
 356426 2.600013111  
 356428 46.361151229 
 356433 48.380656849 
 356434 1.737054153   
 356435 0.443803745  
 356446 93.899214356 
 356523 162.859103004
 356531 9.079145449  
 356563 52.486547787 
 356568 3.237103232  
 356569 45.846006935 
 356570 19.321098207 
 356576 26.322334330 
 356578 156.372943412
 356580 7.829332193  
 356582 14.436924829 
 356614 7.981524829  
 356615 233.769799891
 356619 24.281332167 
 356810 25.773036990 
 356811 13.031225799 
 356812 30.377239014 
 356813 14.715256508 
 356814 157.982717886
 356815 19.361668712 
 356824 9.593918865  
 356908 7.217396134  
 356919 21.425778704 
 356937 28.652881257 
 356946 34.913946894 
 356947 91.705122478 
 356948 20.188675442 
 356949 21.643326318 
 356951 59.447981886 
 356954 68.791655074 
 356955 64.082158681 
 356956 15.146349868 
 356968 47.732556905 
 356969 67.040494167 
 356970 96.038921398 
 356998 1.583753280  
 356999 16.969157445 
 357000 11.047378789 
 357001 51.476199026 
 357079 7.500344689  
 357080 193.771885070
 357081 178.679889169
 357101 17.358495112 
 357102 35.115311781 
 357104 1.266275210  
 357106 17.227783583 
 357112 135.803330782
 357268 21.293597850 
 357271 421.966971184
 357328 16.586605193 
 357329 219.769002711
 357330 42.967711821 
 357331 5.629200181  
 357332 99.092139784 
 357333 43.544170135 
 357401 169.337708831
 357406 33.717056396 
 357438 62.501105487 
 357440 115.002499026
 357441 25.019812720 
 357442 313.360079780
 357447 2.433810006  
 357472 7.269330764  
 357478 1.626275286  
 357479 331.908025416
 357482 50.432329134 
 357538 5.483877910  
 357542 84.347494367 
 357550 11.864760752 
 357610 45.660268101 
 357611 111.390495940
 357612 157.136746163
 357613 46.067797220 
 357688 130.475572660
 357696 124.224025791
 357697 12.770761046 
 357698 18.745332263 
 357699 9.283920735  
 357700 210.724613619
 357701 69.809189918 
 357705 38.924156464 
 357706 27.146058175 
 357720 17.957058147 
 357732 41.298531651 
 357734 109.791915405
 357735 321.631745936
 357754 33.659912763 
 357756 149.673172499
 357757 2.136323644  
 357758 25.472973741 
 357759 20.668873193 
 357766 37.134565813 
 357777 23.462436419 
 357778 87.988239475 
 357779 16.984839705 
 357781 2.104066430  
 357802 53.533075963 
 357803 53.207580464 
 357804 7.771355032  
 357805 29.887572896 
 357806 15.762454077 
 357807 78.721668229 
 357808 4.359292824  
 357809 12.166597081 
 357812 14.700530339 
 357813 80.145283423 
 357814 51.516054516 
 357815 196.389544998
 357898 106.365826161
 357899 188.409175508
 357900 119.376358111
 359569 1.328969775  
 359571 2.376289600  
 359575 1.280168104  
 359595 6.321708882  
 359597 2.157374026  
 359602 5.496977082  
 359609 1.692232521  
 359612 0.768442593  
 359661 9.176705325  
 359685 21.045058471 
 359686 114.976578116
 359691 37.002384472 
 359693 164.149443641
 359694 217.971307475
 359699 413.549100249
 359718 122.075269673
 359750 48.556766369 
 359751 307.563294935
 359762 80.580916799 
 359763 152.183377225
 359764 257.530010327
 359776 0.212718084  
 359806 144.756816567
 359808 16.656406482 
 359809 15.393322246 
 359810 62.595801438 
 359812 71.099680661 
 359814 101.714061964
 359870 2.244593615  
 359871 99.129853686 
 359887 0.316146535  
 359899 7.823855544  
 359903 0.305247626  
 359998 582.944617312
 360017 11.651118718 
 360019 471.287082013
 360075 299.093732340
 360090 201.562423511
 360116 139.462885668
 360125 68.685869284 
 360126 120.810808906
 360127 58.460626894 
 360128 44.517229431 
 360130 0.872248000  
 360131 88.462662074 
 360141 293.394161046
 360224 78.435166234 
 360225 139.288282490
 360295 522.695787931
 360296 133.299205624
 360327 133.399377540
 360390 26.440046912 
 360391 1.537077121  
 360392 24.246441313 
 360393 49.576966593 
 360400 23.999155740 
 360413 35.974042748 
 360428 27.791708585 
 360432 11.275254406 
 360435 18.897317277 
 360437 16.417412519 
 360438 2.379287503  
 360458 65.095628834 
 360459 460.953402422
 360460 235.193294136
 360486 109.181984282
 360490 369.566818986
 360491 40.172674093 
 360737 0.858464478  
 360761 9.149339839  
 360794 269.149051223
 360795 144.103291676
 360797 1.348525595  
 360820 349.531281257
 360825 114.619596838
 360826 33.966209789 
 360856 3.083449257  
 360874 3.052202957  
 360876 21.215116971 
 360887 43.210722083 
 360888 122.570258744
 360889 8.657592910  
 360890 190.481440454
 360892 93.495907420 
 360895 177.556171090
 360919 324.443462831
 360920 1.378271389  
 360921 79.605022536 
 360927 661.856684762
 360941 25.089079688 
 360942 142.238398847
 360945 37.498071222 
 360946 142.295688021
 360948 41.551335438 
 360950 211.202623538
 360951 44.857510968  
 360991 26.880957515  
 360992 10.845870816 
 361020 25.875934922 
 361044 46.297742758 
 361045 378.949181530
 361050 3.174793214  
 361052 20.867582591 
 361054 132.244348864
 361083 7.174292120  
 361091 49.982350070 
 361105 142.005120381
 361106 10.643571893 
 361107 55.436952200 
 361108 2.087483064  
 361110 65.709299014 
 361188 54.824681439 
 361193 11.106510792 
 361195 7.970571963  
 361197 686.306803722
 361223 273.949223518
 361239 425.947871110
 361240 293.223373190
 361272 50.302953380 
 361280 110.740862316
 361283 10.699190784 
 361284 14.834619457 
 361297 380.715538982
 361303 773.255311184
 361318 189.057001937
 361319 68.980444595 
 361320 149.278955330
 361333 121.018169672
 361361 15.109153258 
 361362 6.410124312  
 361363 8.032290179  
 361365 193.981017260
 361366 74.410719929 
 361400 184.623029247
 361417 616.364983962
 361443 781.085175771
 361468 705.547425805
 361475 486.882900658
 361512 583.144401124
 361569 229.049588428
 361573 123.050695867
 361579 346.495295937
 361580 142.027876176
 361957 327.848340544
 361971 814.148194977
 361989 41.819349261 
 361990 85.197583003 
 361994 47.985338265 
 362058 62.573289124 
 362059 25.651652557 
 362060 35.498483243 
 362061 129.373929092
 362062 84.522770188 
 362063 33.183927996 
 362064 281.569595908
 362087 61.183666977 
 362091 502.541593349
 362104 41.604006969 
 362105 74.045968395 
 362106 32.695903944 
 362107 317.821646148
 362148 292.404123866
 362153 57.701631594 
 362154 268.360462274
 362159 1.683844648  
 362161 49.547035575 
 362163 26.694256307 
 362166 139.041278524
 362167 258.914423616
 362437 9.891467712  
 362439 512.575635446
 362597 58.378242259 
 362614 65.069820197 
 362615 67.123635012 
 362616 160.209144056
 362617 109.087093725
 362618 101.298349244
 362653 103.312880604
 362654 10.739168234 
 362655 142.221639585
 362657 81.396135087 
 362695 130.171243059
 362696 592.590940367
 362698 81.902604539 
 362720 360.052003826
 362727 1.429073695  
 362728 145.363068448
 362757 19.747923324 
 362758 83.570575130 
 362760 285.734958154
 366727 15.703006285  
 366729 27.559217590  
 366801 24.599003673  
 366802 1.117457532   
 366804 7.283552443   
 366820 22.246754063  
 366821 54.572186783  
 366829 11.980007133   
 366832 18.430550594   
 366833 32.929826742  
 366838 6.211096628   
 366840 12.150917784  
 366841 16.766244630  
 366850 8.769043136   
 366933 190.492117927 
 367062 0.498854519   
 367063 0.638262872   
 367064 31.742714689  
 367065 16.403643939  
 367070 51.368329039  
 367079 120.148604378 
 367095 109.571899374 
 367100 65.165683605  
 367102 15.104963802  
 367103 12.809401776  
 367104 183.123726000 
 367111 51.563915377  
 367112 243.399965638 
 367127 92.207595844  
 367128 2.145256503   
 367129 0.968801226   
 367130 40.689393629  
 367131 37.709423740  
 367133 79.425361571  
 367228 54.502903505  
 367229 10.816690463  
 367230 0.301846167   
 367231 6.859231008   
 367232 307.248610621 
 367234 124.461951551 
 367260 49.446357944  
 367262 83.240053427  
 367263 3.404597300   
 367264 217.752162624 
 367267 61.607448769  
 367269 9.455872133   
 367270 271.633348364 
 367271 29.080691924  
 367312 42.268064074  
 367314 6.200751583   
 367315 244.534845384 
 367334 83.995721116  
 367336 62.578973969  
 367337 284.514186316 
 367355 0.812672427   
 367406 149.694068131 
 367413 400.172916446 
 367415 21.650458877  
 367416 11.605929652   
 367475 216.721508768   
 367477 384.953958047  
 367515 229.654992252 
 367516 404.435587128 
 367552 0.872434431   
 367553 256.214661466 
 367554 120.766311166 
 367615 160.235919180 
 367618 132.073296292 
 367619 179.350374217 
 367661 108.171867414 
 367662 7.233731091   
 367663 0.405941678   
 367665 112.140629837 
 367666 33.486554111  
 367691 43.731612678  
 367696 632.110292993 
 367699 28.994224394  
 367730 190.826785066 
 367742 153.015861240 
 367758 275.623197515 
 367770 44.138396799  
 367771 40.465834298  
 367772 2.175325967   
 367790 49.440907847  
 367831 183.267618773 
 367836 220.893889727 
 367838 322.408125074 
 367840 164.787318017 
 367881 47.207783140  
 367883 468.207976888 
 367884 313.014020995 
 367902 85.709670024  
 367904 44.545043929  
 367905 21.281962035  
 367906 150.785571193 
 367907 50.784695149  
 367908 142.974156348 
 367910 189.983790524 
 368223 42.785896240  
 368224 6.334914633   
 368229 90.797958840  
 368318 63.519966030  
 368320 77.736362603  
 368321 78.759287659  
 368332 2.340771291   
 368333 4.088554710   
 368382 51.970337255  
 368384 11.288810777  
 368388 358.877738722 
 368389 34.554403936  
 368400 64.607480314  
 368410 419.480494926 
 368412 17.600033659  
 368423 190.011978761 
 368451 56.568321948  
 368453 0.299523184   
